
   -5.000     0.000   0.196307   0.001379   0.020964   0.022343   0.000000   0.000000  -0.207304  -0.000000   0.000000   12.0000     0.3188
   -4.500     0.000   0.239022   0.001997   0.020689   0.022686   0.000000   0.000000  -0.217899   0.000000  -0.000000   12.0000     0.2749
   -4.000     0.000   0.281716   0.002733   0.020039   0.022772   0.000000   0.000000  -0.228484   0.000000   0.000000   12.0000     0.2443
   -3.500     0.000   0.324382   0.003586   0.019739   0.023326   0.000000   0.000000  -0.239050  -0.000000  -0.000000   12.0000     0.2218
   -3.000     0.000   0.367015   0.004557   0.019654   0.024211   0.000000   0.000000  -0.249597   0.000000   0.000000   12.0000     0.2046
   -2.500     0.000   0.409609   0.005644   0.019724   0.025368   0.000000   0.000000  -0.260121  -0.000000  -0.000000   12.0000     0.1909
   -2.000     0.000   0.452156   0.006848   0.019774   0.026621   0.000000   0.000000  -0.270622   0.000000   0.000000   12.0000     0.1798
   -1.500     0.000   0.494651   0.008168   0.018888   0.027055   0.000000   0.000000  -0.281094   0.000000  -0.000000   12.0000     0.1706
   -1.000     0.000   0.537087   0.009603   0.017960   0.027563   0.000000   0.000000  -0.291531  -0.000000  -0.000000   12.0000     0.1629
   -0.500     0.000   0.579459   0.011152   0.016954   0.028106   0.000000   0.000000  -0.301930   0.000000   0.000000   12.0000     0.1563
    0.000     0.000   0.621759   0.012816   0.015688   0.028503   0.000000   0.000000  -0.312286   0.000000   0.000000   12.0000     0.1506
    0.500     0.000   0.663982   0.014592   0.014425   0.029017   0.000000   0.000000  -0.322596   0.000000  -0.000000   12.0000     0.1457
    1.000     0.000   0.706121   0.016481   0.013393   0.029874   0.000000   0.000000  -0.332861   0.000000   0.000000   12.0000     0.1413
    1.500     0.000   0.748171   0.018480   0.012878   0.031358   0.000000   0.000000  -0.343083  -0.000000  -0.000000   12.0000     0.1375
    2.000     0.000   0.790124   0.020589   0.012690   0.033279   0.000000   0.000000  -0.353259  -0.000000  -0.000000   12.0000     0.1340
    2.500     0.000   0.831976   0.022807   0.012699   0.035506   0.000000   0.000000  -0.363385   0.000000  -0.000000   12.0000     0.1309
    3.000     0.000   0.873720   0.025132   0.012902   0.038034   0.000000   0.000000  -0.373460   0.000000  -0.000000   12.0000     0.1281
    3.500     0.000   0.915350   0.027563   0.013321   0.040884   0.000000   0.000000  -0.383483   0.000000  -0.000000   12.0000     0.1256
    4.000     0.000   0.956859   0.030099   0.014035   0.044134   0.000000   0.000000  -0.393454   0.000000  -0.000000   12.0000     0.1233
    4.500     0.000   0.998243   0.032737   0.016704   0.049441   0.000000   0.000000  -0.403418   0.000000   0.000000   12.0000     0.1212
    5.000     0.000   1.039495   0.035477   0.019661   0.055138   0.000000   0.000000  -0.413335   0.000000  -0.000000   12.0000     0.1193
    5.500     0.000   1.080610   0.038316   0.022199   0.060515   0.000000   0.000000  -0.423180  -0.000000  -0.000000   12.0000     0.1175
    6.000     0.000   1.121581   0.041254   0.024321   0.065575   0.000000   0.000000  -0.432948   0.000000  -0.000000   12.0000     0.1159
    6.500     0.000   1.162402   0.044287   0.027085   0.071371   0.000000   0.000000  -0.442673   0.000000  -0.000000   12.0000     0.1144
    7.000     0.000   1.203069   0.047414   0.029498   0.076912   0.000000   0.000000  -0.452316   0.000000   0.000000   12.0000     0.1130
    7.500     0.000   1.243576   0.050633   0.022930   0.073563   0.000000   0.000000  -0.461518   0.000000  -0.000000   12.0000     0.1116
    8.000     0.000   1.283916   0.053942   0.014703   0.068644   0.000000   0.000000  -0.470536   0.000000   0.000000   12.0000     0.1104
    8.500     0.000   1.324085   0.057339   0.009835   0.067174   0.000000   0.000000  -0.479582   0.000000   0.000000   12.0000     0.1093
    9.000     0.000   1.364077   0.060821   0.008072   0.068893   0.000000   0.000000  -0.488665   0.000000  -0.000000   12.0000     0.1082
    9.500     0.000   1.403886   0.064387   0.006147   0.070534   0.000000   0.000000  -0.497638   0.000000  -0.000000   12.0000     0.1072
   10.000     0.000   1.443508   0.068033   0.006802   0.074836   0.000000   0.000000  -0.506640   0.000000  -0.000000   12.0000     0.1063
   10.500     0.000   1.482937   0.071758   0.004916   0.076674   0.000000   0.000000  -0.515408   0.000000  -0.000000   12.0000     0.1054
   11.000     0.000   1.522168   0.075559   0.005289   0.080849   0.000000  -0.000000  -0.524194   0.000000  -0.000000   12.0000     0.1046
   11.500     0.000   1.561196   0.079434   0.003590   0.083024   0.000000   0.000000  -0.532756   0.000000  -0.000000   12.0000     0.1038
   12.000     0.000   1.600016   0.083379   0.003722   0.087101   0.000000  -0.000000  -0.541314   0.000000   0.000000   12.0000     0.1030


