 -27.500  -0.6729   0.35291   0.34704   0.0631  1.0000  0.0187  -1.0305   0.0000   0.3181
 -27.000  -0.6937   0.35558   0.34959   0.0649  1.0000  0.0203  -1.0902   0.0000   0.3174
 -26.500  -0.7461   0.36377   0.35755   0.0718  1.0000  0.0216  -1.2242   0.0000   0.3185
 -26.000  -0.7452   0.36057   0.35429   0.0684  1.0000  0.0237  -1.2854   0.0000   0.3146
 -25.500  -0.7469   0.35856   0.35224   0.0651  1.0000  0.0244  -1.3375   0.0000   0.3106
 -25.000  -0.7458   0.35409   0.34774   0.0621  1.0000  0.0247  -1.3709   0.0000   0.3074
 -24.500  -0.7422   0.34820   0.34181   0.0590  1.0000  0.0249  -1.3963   0.0000   0.3043
 -24.000  -0.7373   0.34161   0.33520   0.0558  1.0000  0.0251  -1.4202   0.0000   0.3011
 -23.500  -0.7263   0.31290   0.30653   0.0558  1.0000  0.0274  -1.4277   0.0000   0.3022
 -23.000  -0.7145   0.30290   0.29652   0.0545  1.0000  0.0293  -1.3391   0.0000   0.3022
 -22.500  -0.7033   0.29438   0.28799   0.0522  1.0000  0.0315  -1.2833   0.0000   0.3008
 -22.000  -0.6919   0.28604   0.27951   0.0495  1.0000  0.0337  -1.2536   0.0000   0.2987
 -21.500  -0.6802   0.27785   0.27132   0.0465  1.0000  0.0371  -1.2281   0.0000   0.2962
 -21.000  -0.6682   0.26971   0.26317   0.0433  1.0000  0.0412  -1.2160   0.0000   0.2932
 -20.500  -0.6558   0.26263   0.25609   0.0392  1.0000  0.0464  -1.2312   0.0000   0.2888
 -20.000  -0.6510   0.26430   0.25779   0.0325  1.0000  0.0492  -1.3195   0.0000   0.2799
 -19.500  -0.6446   0.26038   0.25389   0.0283  1.0000  0.0496  -1.3598   0.0000   0.2745
 -19.000  -0.6354   0.25457   0.24810   0.0245  1.0000  0.0498  -1.3850   0.0000   0.2698
 -18.500  -0.6241   0.24748   0.24103   0.0209  1.0000  0.0499  -1.4002   0.0000   0.2653
 -18.000  -0.6123   0.23992   0.23350   0.0175  1.0000  0.0501  -1.4148   0.0000   0.2608
 -17.500  -0.5918   0.21660   0.21025   0.0167  1.0000  0.0523  -1.3904   0.0000   0.2604
 -17.000  -0.5710   0.20626   0.19995   0.0160  1.0000  0.0544  -1.2971   0.0000   0.2604
 -16.500  -0.5552   0.19846   0.19223   0.0141  1.0000  0.0569  -1.2437   0.0000   0.2583
 -16.000  -0.5415   0.19126   0.18489   0.0117  1.0000  0.0614  -1.2012   0.0000   0.2549
 -15.500  -0.5292   0.18476   0.17841   0.0087  1.0000  0.0656  -1.1982   0.0000   0.2503
 -15.000  -0.5223   0.17952   0.17320   0.0043  1.0000  0.0716  -1.2506   0.0000   0.2426
 -14.500  -0.5298   0.17739   0.17112  -0.0023  1.0000  0.0742  -1.3875   0.0000   0.2309
 -14.000  -0.5261   0.17000   0.16375  -0.0067  1.0000  0.0748  -1.4684   0.0000   0.2230
 -13.500  -0.5221   0.16083   0.15461  -0.0107  1.0000  0.0751  -1.5674   0.0000   0.2157
 -12.000  -0.4700   0.13451   0.12844  -0.0091  1.0000  0.1149  -1.2767   0.0000   0.2180
 -11.500  -0.4537   0.13096   0.12493  -0.0094  1.0000  0.1366  -1.1200   0.0000   0.2172
 -11.000  -0.4668   0.13191   0.12596  -0.0157  1.0000  0.1480  -1.2039   0.0000   0.2056
 -10.500  -0.4640   0.12726   0.12138  -0.0192  1.0000  0.1493  -1.2379   0.0000   0.1987
 -10.000  -0.4621   0.12057   0.11475  -0.0225  1.0000  0.1498  -1.2769   0.0000   0.1920
  -9.500  -0.4836   0.10271   0.09704  -0.0264  1.0000  0.1549  -1.4019   0.0000   0.1868
  -9.000  -0.4579   0.09517   0.08954  -0.0245  1.0000  0.1593  -1.3361   0.0000   0.1880
  -8.500  -0.4441   0.08887   0.08330  -0.0242  1.0000  0.1633  -1.3104   0.0000   0.1875
  -8.000  -0.4431   0.08248   0.07702  -0.0247  1.0000  0.1671  -1.3227   0.0000   0.1870
  -7.500  -0.4655   0.07573   0.07044  -0.0250  1.0000  0.1694  -1.3869   0.0000   0.1901
  -7.000  -0.5685   0.04898   0.04260  -0.0334  1.0000  0.0932  -2.1434   0.0000   0.1852
  -6.500  -0.5717   0.03931   0.03219  -0.0296  1.0000  0.0872  -2.2648   0.0000   0.1921
  -6.000  -0.5505   0.03194   0.02386  -0.0266  1.0000  0.0831  -2.3260   0.0000   0.1956
  -5.500  -0.5141   0.02745   0.01871  -0.0245  1.0000  0.0820  -2.2935   0.0000   0.1965
  -5.000  -0.4717   0.02448   0.01536  -0.0229  1.0000  0.0835  -2.2127   0.0000   0.1956
  -4.500  -0.4263   0.02238   0.01308  -0.0218  1.0000  0.0891  -2.1153   0.0000   0.1932
  -4.000  -0.3776   0.01943   0.01017  -0.0209  1.0000  0.1412  -2.1210   0.0000   0.1890
  -3.500  -0.3333   0.01823   0.00950  -0.0205  1.0000  0.2315  -1.9845   0.0000   0.1831
  -3.000  -0.2895   0.01794   0.00952  -0.0203  0.9992  0.2983  -1.7970   0.0000   0.1748
  -2.500  -0.2144   0.01720   0.00968  -0.0255  0.9847  0.4608  -1.5467   0.0000   0.1253
  -1.500  -0.0378   0.01725   0.01119  -0.0357  0.9486  0.9189  -1.0109   0.0000  -0.7110
  -1.000   0.0848   0.01715   0.01086  -0.0498  0.9339  1.0000  -0.7109   0.0000   0.8417
  -0.500   0.1761   0.01695   0.01045  -0.0582  0.9116  1.0000  -0.4985   0.0000   0.5810
   0.000   0.2579   0.01688   0.01027  -0.0641  0.8923  1.0000  -0.5593   0.0000   0.4979
   0.500   0.2919   0.01701   0.01036  -0.0606  0.8539  1.0000  -0.5987   0.0000   0.4563
   1.000   0.3737   0.01649   0.00972  -0.0648  0.8238  1.0000  -0.6738   0.0000   0.4218
   1.500   0.4314   0.01694   0.01006  -0.0653  0.7908  1.0000  -0.7362   0.0000   0.3993
   2.000   0.4757   0.01684   0.00990  -0.0627  0.7585  1.0000  -0.8648   0.0000   0.3793
   2.500   0.5370   0.01646   0.00940  -0.0626  0.7269  1.0000  -1.0608   0.0000   0.3635
   3.000   0.5884   0.01705   0.00990  -0.0616  0.6913  1.0000  -1.2452   0.0000   0.3512
   3.500   0.6334   0.01722   0.01008  -0.0592  0.6611  1.0000  -1.4259   0.0000   0.3396
   4.000   0.6897   0.01702   0.00969  -0.0578  0.6218  1.0000  -1.6386   0.0000   0.3295
   4.500   0.7359   0.01750   0.01012  -0.0556  0.5826  1.0000  -1.8362   0.0000   0.3208
   5.000   0.7843   0.01702   0.00934  -0.0526  0.5299  1.0000  -2.0529   0.0000   0.3117
   5.500   0.8286   0.01725   0.00941  -0.0499  0.4763  1.0000  -2.2623   0.0000   0.3044
   6.000   0.8719   0.01769   0.00957  -0.0472  0.4220  1.0000  -2.4706   0.0000   0.2977
   6.500   0.9142   0.01832   0.01020  -0.0447  0.3686  1.0000  -2.6738   0.0000   0.2919
   7.000   0.9433   0.01962   0.01076  -0.0401  0.2604  1.0000  -2.8363   0.0000   0.2848
   7.500   0.9391   0.02494   0.01466  -0.0308  0.0985  1.0000  -2.7505   0.0000   0.2745
   8.000   0.9754   0.02743   0.01729  -0.0277  0.0886  1.0000  -2.8441   0.0000   0.2695
   8.500   1.0154   0.03038   0.02036  -0.0254  0.0841  1.0000  -2.9581   0.0000   0.2655
   9.000   1.0573   0.03402   0.02424  -0.0236  0.0822  1.0000  -3.0700   0.0000   0.2622
  10.000   1.0838   0.04121   0.03205  -0.0150  0.0470  1.0000  -3.6280   0.0000   0.2523
  10.500   1.0984   0.04428   0.03540  -0.0107  0.0421  1.0000  -3.8305   0.0000   0.2474
  11.000   1.1032   0.04859   0.04006  -0.0062  0.0388  1.0000  -3.9737   0.0000   0.2426
  11.500   1.0972   0.05395   0.04581  -0.0024  0.0368  1.0000  -4.0631   0.0000   0.2383
  12.000   1.0791   0.06067   0.05295   0.0002  0.0357  1.0000  -4.0866   0.0000   0.2351
  12.500   1.0478   0.06966   0.06241   0.0000  0.0355  1.0000  -4.0248   0.0000   0.2343
  13.000   0.9993   0.08216   0.07541  -0.0042  0.0362  1.0000  -3.8373   0.0000   0.2375
  13.500   0.9271   0.10235   0.09612  -0.0157  0.0387  1.0000  -3.4099   0.0000   0.2494
  14.000   0.8495   0.13105   0.12509  -0.0325  0.0449  1.0000  -2.6992   0.0000   0.2710
  14.500   0.8252   0.14839   0.14241  -0.0406  0.0469  1.0000  -2.3660   0.0000   0.2817
  15.000   0.8152   0.16178   0.15576  -0.0467  0.0472  1.0000  -2.1663   0.0000   0.2896
  15.500   0.8115   0.17387   0.16781  -0.0520  0.0473  1.0000  -2.0176   0.0000   0.2960
  17.500   0.8370   0.22984   0.22374  -0.0666  0.0744  1.0000  -1.5779   0.0000   0.3100
  18.000   0.8386   0.23713   0.23100  -0.0723  0.0735  1.0000  -1.5016   0.0000   0.3160
  18.500   0.8347   0.24255   0.23637  -0.0799  0.0682  1.0000  -1.3796   0.0000   0.3248
  19.000   0.8426   0.25168   0.24549  -0.0836  0.0637  1.0000  -1.3641   0.0000   0.3276
  19.500   0.8517   0.26087   0.25466  -0.0866  0.0602  1.0000  -1.3696   0.0000   0.3292
  20.000   0.8613   0.27003   0.26381  -0.0890  0.0573  1.0000  -1.3894   0.0000   0.3302
  20.500   0.8714   0.27930   0.27308  -0.0909  0.0550  1.0000  -1.4268   0.0000   0.3304
  21.000   0.8833   0.28941   0.28318  -0.0918  0.0530  1.0000  -1.4928   0.0000   0.3291
  21.500   0.8976   0.31417   0.30790  -0.0903  0.0500  1.0000  -1.5469   0.0000   0.3255
  22.000   0.9016   0.32418   0.31793  -0.0933  0.0499  1.0000  -1.5186   0.0000   0.3276
  22.500   0.9039   0.33361   0.32738  -0.0960  0.0498  1.0000  -1.4880   0.0000   0.3296
  23.000   0.9043   0.34206   0.33602  -0.0985  0.0496  1.0000  -1.4550   0.0000   0.3316
  23.500   0.8969   0.34862   0.34262  -0.1006  0.0494  1.0000  -1.3964   0.0000   0.3342
  24.000   0.8703   0.34717   0.34123  -0.1025  0.0480  1.0000  -1.2647   0.0000   0.3393
  24.500   0.7988   0.33299   0.32728  -0.0943  0.0451  1.0000  -1.0721   0.0000   0.3409
  25.000   0.7823   0.33316   0.32754  -0.0935  0.0407  1.0000  -1.0179   0.0000   0.3423
  25.500   0.7707   0.33403   0.32848  -0.0930  0.0368  1.0000  -0.9902   0.0000   0.3432
  26.000   0.7624   0.33519   0.32971  -0.0928  0.0335  1.0000  -0.9802   0.0000   0.3440
  26.500   0.7565   0.33643   0.33100  -0.0927  0.0308  1.0000  -0.9889   0.0000   0.3443
  27.000   0.7526   0.33775   0.33237  -0.0925  0.0285  1.0000  -1.0231   0.0000   0.3440
  27.500   0.7531   0.34147   0.33614  -0.0914  0.0266  1.0000  -1.1006   0.0000   0.3419
  28.000   0.7502   0.35576   0.35043  -0.0913  0.0249  1.0000  -1.0307   0.0000   0.3422
  28.500   0.7428   0.35492   0.34965  -0.0924  0.0247  1.0000  -0.9903   0.0000   0.3443
  29.000   0.7359   0.35348   0.34827  -0.0937  0.0244  1.0000  -0.9496   0.0000   0.3468
  29.500   0.7299   0.35128   0.34613  -0.0960  0.0237  1.0000  -0.8983   0.0000   0.3502
  30.000   0.7310   0.35315   0.34806  -0.0992  0.0211  1.0000  -0.8475   0.0000   0.3536


