   -5.000     0.000  -0.260012   0.002110   0.014337   0.016448  -0.000000   0.000000   0.009901   0.000000  -0.000000   12.0000     0.0113
   -4.500     0.000  -0.216913   0.001466   0.013423   0.014889  -0.000000   0.000000  -0.000644   0.000000  -0.000000   12.0000    -0.0011
   -4.000     0.000  -0.173778   0.000939   0.012805   0.013744  -0.000000   0.000000  -0.011201   0.000000  -0.000000   12.0000    -0.0197
   -3.500     0.000  -0.130612   0.000529   0.012238   0.012767  -0.000000   0.000000  -0.021775   0.000000   0.000000   12.0000    -0.0505
   -3.000     0.000  -0.087424   0.000237   0.011749   0.011986  -0.000000   0.000000  -0.032361   0.000000   0.000000   12.0000    -0.1117
   -2.500     0.000  -0.044219   0.000062   0.011326   0.011388  -0.000000   0.000000  -0.042957   0.000000  -0.000000   12.0000    -0.2927
   -2.000     0.000  -0.001003   0.000006   0.010916   0.010922  -0.000000   0.000000  -0.053561   0.000000  -0.000000   12.0000   -16.0738
   -1.500     0.000   0.042217   0.000069   0.010452   0.010521  -0.000000  -0.000000  -0.064170   0.000000  -0.000000   12.0000     0.4569
   -1.000     0.000   0.085435   0.000250   0.009920   0.010169  -0.000000  -0.000000  -0.074780   0.000000  -0.000000   12.0000     0.2629
   -0.500     0.000   0.128644   0.000549   0.009459   0.010008  -0.000000  -0.000000  -0.085388  -0.000000   0.000000   12.0000     0.1992
    0.000     0.000   0.171839   0.000966   0.009105   0.010071  -0.000000  -0.000000  -0.095990   0.000000   0.000000   12.0000     0.1676
    0.500     0.000   0.215011   0.001502   0.009082   0.010585  -0.000000  -0.000000  -0.106585   0.000000   0.000000   12.0000     0.1487
    1.000     0.000   0.258156   0.002156   0.009058   0.011214  -0.000000  -0.000000  -0.117170   0.000000  -0.000000   12.0000     0.1361
    1.500     0.000   0.301267   0.002927   0.008998   0.011924  -0.000000  -0.000000  -0.127742   0.000000  -0.000000   12.0000     0.1271
    2.000     0.000   0.344338   0.003815   0.008951   0.012766  -0.000000  -0.000000  -0.138298   0.000000   0.000000   12.0000     0.1204
    2.500     0.000   0.387361   0.004819   0.008927   0.013746  -0.000000  -0.000000  -0.148835   0.000000  -0.000000   12.0000     0.1151
    3.000     0.000   0.430331   0.005939   0.008960   0.014899  -0.000000  -0.000000  -0.159349   0.000000  -0.000000   12.0000     0.1110
    3.500     0.000   0.473242   0.007174   0.009109   0.016283  -0.000000  -0.000000  -0.169840   0.000000   0.000000   12.0000     0.1075
    4.000     0.000   0.516087   0.008524   0.009285   0.017809  -0.000000  -0.000000  -0.180303   0.000000   0.000000   12.0000     0.1047
    4.500     0.000   0.558860   0.009986   0.009543   0.019529  -0.000000  -0.000000  -0.190736   0.000000   0.000000   12.0000     0.1023
    5.000     0.000   0.601555   0.011561   0.009841   0.021401  -0.000000  -0.000000  -0.201135   0.000000   0.000000   12.0000     0.1003
    5.500     0.000   0.644165   0.013247   0.010120   0.023366  -0.000000  -0.000000  -0.211497   0.000000   0.000000   12.0000     0.0985
    6.000     0.000   0.686685   0.015042   0.010516   0.025559  -0.000000  -0.000000  -0.221822   0.000000  -0.000000   12.0000     0.0969
    6.500     0.000   0.729108   0.016947   0.010921   0.027868  -0.000000  -0.000000  -0.232104   0.000000   0.000000   12.0000     0.0956
    7.000     0.000   0.771428   0.018959   0.011597   0.030556  -0.000000  -0.000000  -0.242348   0.000000  -0.000000   12.0000     0.0944
    7.500     0.000   0.813640   0.021077   0.013483   0.034560  -0.000000  -0.000000  -0.252584   0.000000   0.000000   12.0000     0.0933
    8.000     0.000   0.855736   0.023299   0.015781   0.039080  -0.000000  -0.000000  -0.262787   0.000000   0.000000   12.0000     0.0923
    8.500     0.000   0.897712   0.025624   0.017923   0.043547  -0.000000  -0.000000  -0.272938   0.000000   0.000000   12.0000     0.0915
    9.000     0.000   0.939561   0.028050   0.020170   0.048220  -0.000000  -0.000000  -0.283042   0.000000   0.000000   12.0000     0.0907
    9.500     0.000   0.981277   0.030575   0.021756   0.052331  -0.000000  -0.000000  -0.293065   0.000000  -0.000000   12.0000     0.0900
   10.000     0.000   1.022855   0.033199   0.023881   0.057079  -0.000000  -0.000000  -0.303052   0.000000  -0.000000   12.0000     0.0893
   10.500     0.000   1.064288   0.035917   0.026197   0.062114  -0.000000  -0.000000  -0.312988   0.000000   0.000000   12.0000     0.0887
   11.000     0.000   1.105572   0.038730   0.020860   0.059590  -0.000000  -0.000000  -0.322496   0.000000  -0.000000   12.0000     0.0882
   11.500     0.000   1.146700   0.041634   0.011411   0.053045  -0.000000  -0.000000  -0.331701   0.000000   0.000000   12.0000     0.0877
   12.000     0.000   1.187667   0.044628   0.009588   0.054216  -0.000000  -0.000000  -0.341184   0.000000   0.000000   12.0000     0.0872
   12.500     0.000   1.228468   0.047709   0.008549   0.056258  -0.000000  -0.000000  -0.350620   0.000000   0.000000   12.0000     0.0868
   13.000     0.000   1.269096   0.050875   0.009031   0.059905  -0.000000  -0.000000  -0.360053   0.000000   0.000000   12.0000     0.0864
   13.500     0.000   1.309547   0.054124   0.002918   0.057041  -0.000000  -0.000000  -0.369017   0.000000  -0.000000   12.0000     0.0861
   14.000     0.000   1.349814   0.057453   0.003345   0.060797  -0.000000  -0.000000  -0.378261   0.000000   0.000000   12.0000     0.0857
   14.500     0.000   1.389894   0.060860   0.003547   0.064407  -0.000000  -0.000000  -0.387400   0.000000   0.000000   12.0000     0.0854
   15.000     0.000   1.429781   0.064342   0.003829   0.068171  -0.000000  -0.000000  -0.396450   0.000000   0.000000   12.0000     0.0851


