   -5.000     0.000  -0.045896   0.002402   0.015698   0.018100   0.000000   0.000000  -0.090880  -0.000000  -0.000000   12.0000    -0.5983
   -4.500     0.000  -0.002768   0.002248   0.015618   0.017866   0.000000   0.000000  -0.101499  -0.000000  -0.000000   12.0000   -11.0650
   -4.000     0.000   0.040370   0.002211   0.015455   0.017667   0.000000   0.000000  -0.112124  -0.000000  -0.000000   12.0000     0.8373
   -3.500     0.000   0.083514   0.002292   0.015011   0.017303  -0.000000   0.000000  -0.122755  -0.000000   0.000000   12.0000     0.4427
   -3.000     0.000   0.126656   0.002491   0.014640   0.017131  -0.000000  -0.000000  -0.133383  -0.000000   0.000000   12.0000     0.3169
   -2.500     0.000   0.169790   0.002807   0.014336   0.017143  -0.000000  -0.000000  -0.144007  -0.000000   0.000000   12.0000     0.2550
   -2.000     0.000   0.212909   0.003241   0.014104   0.017344  -0.000000  -0.000000  -0.154624  -0.000000   0.000000   12.0000     0.2182
   -1.500     0.000   0.256008   0.003792   0.013900   0.017691  -0.000000  -0.000000  -0.165231  -0.000000   0.000000   12.0000     0.1938
   -1.000     0.000   0.299080   0.004460   0.013448   0.017908  -0.000000  -0.000000  -0.175823  -0.000000  -0.000000   12.0000     0.1765
   -0.500     0.000   0.342119   0.005245   0.012907   0.018152  -0.000000  -0.000000  -0.186396  -0.000000   0.000000   12.0000     0.1635
    0.000     0.000   0.385117   0.006147   0.012417   0.018564  -0.000000  -0.000000  -0.196948  -0.000000   0.000000   12.0000     0.1534
    0.500     0.000   0.428070   0.007165   0.011810   0.018976  -0.000000  -0.000000  -0.207474  -0.000000   0.000000   12.0000     0.1453
    1.000     0.000   0.470970   0.008299   0.011205   0.019504  -0.000000  -0.000000  -0.217973  -0.000000   0.000000   12.0000     0.1387
    1.500     0.000   0.513812   0.009548   0.010637   0.020185  -0.000000  -0.000000  -0.228441  -0.000000   0.000000   12.0000     0.1333
    2.000     0.000   0.556588   0.010910   0.010347   0.021258  -0.000000  -0.000000  -0.238879  -0.000000   0.000000   12.0000     0.1286
    2.500     0.000   0.599293   0.012387   0.010293   0.022679  -0.000000  -0.000000  -0.249286  -0.000000   0.000000   12.0000     0.1247
    3.000     0.000   0.641921   0.013975   0.010374   0.024350  -0.000000  -0.000000  -0.259658  -0.000000   0.000000   12.0000     0.1212
    3.500     0.000   0.684465   0.015675   0.010622   0.026297  -0.000000  -0.000000  -0.269992   0.000000  -0.000000   12.0000     0.1183
    4.000     0.000   0.726920   0.017486   0.011048   0.028534  -0.000000  -0.000000  -0.280287   0.000000  -0.000000   12.0000     0.1156
    4.500     0.000   0.769278   0.019406   0.011625   0.031031  -0.000000  -0.000000  -0.290540   0.000000   0.000000   12.0000     0.1133
    5.000     0.000   0.811534   0.021434   0.012965   0.034399  -0.000000  -0.000000  -0.300768   0.000000   0.000000   12.0000     0.1112
    5.500     0.000   0.853682   0.023568   0.015115   0.038683  -0.000000  -0.000000  -0.310974   0.000000   0.000000   12.0000     0.1093
    6.000     0.000   0.895716   0.025808   0.016825   0.042633  -0.000000  -0.000000  -0.321117   0.000000   0.000000   12.0000     0.1076
    6.500     0.000   0.937630   0.028151   0.018653   0.046805  -0.000000  -0.000000  -0.331210   0.000000  -0.000000   12.0000     0.1061
    7.000     0.000   0.979417   0.030597   0.020807   0.051404  -0.000000  -0.000000  -0.341259   0.000000   0.000000   12.0000     0.1047
    7.500     0.000   1.021073   0.033143   0.022899   0.056042  -0.000000  -0.000000  -0.351247   0.000000   0.000000   12.0000     0.1034
    8.000     0.000   1.062590   0.035788   0.022730   0.058518  -0.000000  -0.000000  -0.361081  -0.000000   0.000000   12.0000     0.1022
    8.500     0.000   1.103964   0.038530   0.015784   0.054314  -0.000000  -0.000000  -0.370528  -0.000000   0.000000   12.0000     0.1011
    9.000     0.000   1.145189   0.041367   0.012826   0.054192  -0.000000  -0.000000  -0.380074  -0.000000   0.000000   12.0000     0.1001
    9.500     0.000   1.186258   0.044297   0.011513   0.055810  -0.000000  -0.000000  -0.389604  -0.000000   0.000000   12.0000     0.0992
   10.000     0.000   1.227167   0.047318   0.011643   0.058961  -0.000000  -0.000000  -0.399126  -0.000000   0.000000   12.0000     0.0984
   10.500     0.000   1.267910   0.050428   0.012988   0.063417  -0.000000  -0.000000  -0.408621  -0.000000   0.000000   12.0000     0.0976
   11.000     0.000   1.308480   0.053626   0.008632   0.062258  -0.000000  -0.000000  -0.417761  -0.000000   0.000000   12.0000     0.0968
   11.500     0.000   1.348874   0.056907   0.007430   0.064337  -0.000000  -0.000000  -0.426953  -0.000000   0.000000   12.0000     0.0961
   12.000     0.000   1.389085   0.060271   0.008075   0.068347  -0.000000  -0.000000  -0.436143   0.000000   0.000000   12.0000     0.0955
   12.500     0.000   1.429108   0.063715   0.009359   0.073074  -0.000000  -0.000000  -0.445275   0.000000   0.000000   12.0000     0.0949
   13.000     0.000   1.468938   0.067236   0.002906   0.070142  -0.000000  -0.000000  -0.453881   0.000000   0.000000   12.0000     0.0943
   13.500     0.000   1.508570   0.070833   0.003297   0.074129  -0.000000  -0.000000  -0.462758   0.000000   0.000000   12.0000     0.0938


