   -5.000     0.000   0.195226   0.001386   0.021215   0.022602   0.000000   0.000000  -0.159439  -0.000000   0.000000   10.0000     0.3210
   -4.500     0.000   0.238147   0.002010   0.021236   0.023246   0.000000  -0.000000  -0.159373  -0.000000  -0.000000   10.0000     0.2764
   -4.000     0.000   0.281047   0.002754   0.021234   0.023988   0.000000   0.000000  -0.159291  -0.000000   0.000000   10.0000     0.2455
   -3.500     0.000   0.323921   0.003617   0.021230   0.024846   0.000000   0.000000  -0.159191   0.000000   0.000000   10.0000     0.2227
   -3.000     0.000   0.366760   0.004598   0.021225   0.025824   0.000000   0.000000  -0.159074  -0.000000  -0.000000   10.0000     0.2053
   -2.500     0.000   0.409560   0.005699   0.021220   0.026919   0.000000   0.000000  -0.158940   0.000000   0.000000   10.0000     0.1915
   -2.000     0.000   0.452314   0.006918   0.021215   0.028133   0.000000   0.000000  -0.158790  -0.000000   0.000000   10.0000     0.1803
   -1.500     0.000   0.495015   0.008255   0.020797   0.029052   0.000000   0.000000  -0.158618   0.000000   0.000000   10.0000     0.1711
   -1.000     0.000   0.537657   0.009709   0.020177   0.029885  -0.000000   0.000000  -0.158428   0.000000   0.000000   10.0000     0.1633
   -0.500     0.000   0.580234   0.011279   0.019495   0.030774  -0.000000   0.000000  -0.158221   0.000000  -0.000000   10.0000     0.1567
    0.000     0.000   0.622739   0.012965   0.018694   0.031658  -0.000000   0.000000  -0.157996  -0.000000  -0.000000   10.0000     0.1510
    0.500     0.000   0.665166   0.014765   0.017838   0.032604  -0.000000   0.000000  -0.157754   0.000000  -0.000000   10.0000     0.1461
    1.000     0.000   0.707509   0.016680   0.016965   0.033645  -0.000000   0.000000  -0.157496   0.000000   0.000000   10.0000     0.1417
    1.500     0.000   0.749762   0.018707   0.016074   0.034782  -0.000000   0.000000  -0.157220   0.000000  -0.000000   10.0000     0.1378
    2.000     0.000   0.791919   0.020846   0.015181   0.036027  -0.000000   0.000000  -0.156928   0.000000   0.000000   10.0000     0.1344
    2.500     0.000   0.833972   0.023095   0.014284   0.037379  -0.000000   0.000000  -0.156620   0.000000  -0.000000   10.0000     0.1313
    3.000     0.000   0.875917   0.025454   0.013675   0.039128  -0.000000   0.000000  -0.156298   0.000000   0.000000   10.0000     0.1285
    3.500     0.000   0.917748   0.027919   0.013742   0.041662  -0.000000   0.000000  -0.155966   0.000000  -0.000000   10.0000     0.1260
    4.000     0.000   0.959457   0.030491   0.014053   0.044544  -0.000000   0.000000  -0.155619   0.000000  -0.000000   10.0000     0.1237
    4.500     0.000   1.001039   0.033168   0.014546   0.047714  -0.000000   0.000000  -0.155258   0.000000   0.000000   10.0000     0.1216
    5.000     0.000   1.042488   0.035948   0.015233   0.051181  -0.000000   0.000000  -0.154884   0.000000   0.000000   10.0000     0.1197
    5.500     0.000   1.083799   0.038828   0.016190   0.055018  -0.000000   0.000000  -0.154495   0.000000   0.000000   10.0000     0.1179
    6.000     0.000   1.124965   0.041808   0.017769   0.059577  -0.000000   0.000000  -0.154096   0.000000   0.000000   10.0000     0.1162
    6.500     0.000   1.165981   0.044886   0.020288   0.065174  -0.000000   0.000000  -0.153690   0.000000   0.000000   10.0000     0.1147
    7.000     0.000   1.206841   0.048059   0.023601   0.071660  -0.000000   0.000000  -0.153275   0.000000  -0.000000   10.0000     0.1133
    7.500     0.000   1.247538   0.051326   0.027520   0.078845  -0.000000   0.000000  -0.152849   0.000000   0.000000   10.0000     0.1120
    8.000     0.000   1.288069   0.054684   0.032168   0.086852  -0.000000   0.000000  -0.152415   0.000000   0.000000   10.0000     0.1108


