
   -5.000     0.000  -0.257002   0.002099   0.014296   0.016395   0.000000   0.000000   0.009409   0.000000   0.000000   12.0000     0.0108
   -4.500     0.000  -0.214369   0.001458   0.013391   0.014848   0.000000   0.000000  -0.001009   0.000000   0.000000   12.0000    -0.0016
   -4.000     0.000  -0.171701   0.000932   0.012781   0.013713   0.000000   0.000000  -0.011439   0.000000  -0.000000   12.0000    -0.0203
   -3.500     0.000  -0.129003   0.000524   0.012221   0.012745   0.000000   0.000000  -0.021885   0.000000   0.000000   12.0000    -0.0514
   -3.000     0.000  -0.086282   0.000233   0.011738   0.011971   0.000000   0.000000  -0.032343  -0.000000  -0.000000   12.0000    -0.1132
   -2.500     0.000  -0.043544   0.000060   0.011319   0.011379   0.000000  -0.000000  -0.042812   0.000000   0.000000   12.0000    -0.2963
   -2.000     0.000  -0.000796   0.000004   0.010914   0.010919   0.000000  -0.000000  -0.053287  -0.000000   0.000000   12.0000   -20.1421
   -1.500     0.000   0.041956   0.000067   0.010455   0.010522   0.000000  -0.000000  -0.063768  -0.000000  -0.000000   12.0000     0.4569
   -1.000     0.000   0.084706   0.000248   0.009929   0.010177   0.000000  -0.000000  -0.074250  -0.000000  -0.000000   12.0000     0.2633
   -0.500     0.000   0.127448   0.000547   0.009473   0.010020   0.000000  -0.000000  -0.084729  -0.000000  -0.000000   12.0000     0.1995
    0.000     0.000   0.170174   0.000964   0.009122   0.010086   0.000000  -0.000000  -0.095203  -0.000000  -0.000000   12.0000     0.1678
    0.500     0.000   0.212880   0.001499   0.009095   0.010594   0.000000  -0.000000  -0.105670   0.000000  -0.000000   12.0000     0.1489
    1.000     0.000   0.255558   0.002152   0.009070   0.011222   0.000000  -0.000000  -0.116127   0.000000   0.000000   12.0000     0.1362
    1.500     0.000   0.298201   0.002922   0.009006   0.011928   0.000000  -0.000000  -0.126571  -0.000000   0.000000   12.0000     0.1272
    2.000     0.000   0.340805   0.003808   0.008961   0.012769   0.000000  -0.000000  -0.136999  -0.000000  -0.000000   12.0000     0.1205
    2.500     0.000   0.383362   0.004810   0.008937   0.013747   0.000000  -0.000000  -0.147407   0.000000   0.000000   12.0000     0.1152
    3.000     0.000   0.425866   0.005928   0.008969   0.014897   0.000000  -0.000000  -0.157794   0.000000   0.000000   12.0000     0.1110
    3.500     0.000   0.468311   0.007161   0.009115   0.016276   0.000000  -0.000000  -0.168157   0.000000  -0.000000   12.0000     0.1076
    4.000     0.000   0.510691   0.008507   0.009284   0.017791   0.000000  -0.000000  -0.178493   0.000000  -0.000000   12.0000     0.1047
    4.500     0.000   0.552999   0.009967   0.009536   0.019502   0.000000  -0.000000  -0.188799   0.000000  -0.000000   12.0000     0.1023
    5.000     0.000   0.595230   0.011538   0.009827   0.021365   0.000000  -0.000000  -0.199072   0.000000  -0.000000   12.0000     0.1003
    5.500     0.000   0.637376   0.013220   0.010100   0.023320   0.000000  -0.000000  -0.209308   0.000000  -0.000000   12.0000     0.0985
    6.000     0.000   0.679433   0.015012   0.010490   0.025502   0.000000  -0.000000  -0.219507   0.000000   0.000000   12.0000     0.0969
    6.500     0.000   0.721394   0.016912   0.010900   0.027812   0.000000  -0.000000  -0.229664   0.000000   0.000000   12.0000     0.0956
    7.000     0.000   0.763252   0.018919   0.011548   0.030467   0.000000  -0.000000  -0.239783   0.000000   0.000000   12.0000     0.0944
    7.500     0.000   0.805003   0.021032   0.013425   0.034458   0.000000  -0.000000  -0.249894   0.000000  -0.000000   12.0000     0.0933
    8.000     0.000   0.846639   0.023249   0.015703   0.038952   0.000000  -0.000000  -0.259974   0.000000   0.000000   12.0000     0.0923
    8.500     0.000   0.888155   0.025569   0.017869   0.043438   0.000000  -0.000000  -0.270003   0.000000   0.000000   12.0000     0.0915
    9.000     0.000   0.929545   0.027990   0.019883   0.047873   0.000000  -0.000000  -0.279976   0.000000   0.000000   12.0000     0.0907
    9.500     0.000   0.970804   0.030509   0.021423   0.051932   0.000000  -0.000000  -0.289875   0.000000   0.000000   12.0000     0.0900
   10.000     0.000   1.011925   0.033126   0.023589   0.056715   0.000000  -0.000000  -0.299743   0.000000   0.000000   12.0000     0.0893
   10.500     0.000   1.052903   0.035839   0.025850   0.061689   0.000000  -0.000000  -0.309555   0.000000   0.000000   12.0000     0.0887
   11.000     0.000   1.093732   0.038645   0.020092   0.058737   0.000000  -0.000000  -0.318924   0.000000   0.000000   12.0000     0.0882
   11.500     0.000   1.134407   0.041542   0.013060   0.054602   0.000000  -0.000000  -0.328129   0.000000   0.000000   12.0000     0.0877
   12.000     0.000   1.174921   0.044529   0.008858   0.053387   0.000000  -0.000000  -0.337375   0.000000  -0.000000   12.0000     0.0872
   12.500     0.000   1.215270   0.047602   0.007217   0.054820   0.000000  -0.000000  -0.346661   0.000000  -0.000000   12.0000     0.0868
   13.000     0.000   1.255448   0.050761   0.005663   0.056424   0.000000  -0.000000  -0.355862   0.000000   0.000000   12.0000     0.0864
   13.500     0.000   1.295450   0.054002   0.006139   0.060141   0.000000  -0.000000  -0.365089   0.000000  -0.000000   12.0000     0.0860
   14.000     0.000   1.335271   0.057323   0.004401   0.061724   0.000000  -0.000000  -0.374096   0.000000  -0.000000   12.0000     0.0857
   14.500     0.000   1.374904   0.060722   0.004890   0.065612   0.000000  -0.000000  -0.383143   0.000000  -0.000000   12.0000     0.0854
   15.000     0.000   1.414346   0.064196   0.003233   0.067429   0.000000  -0.000000  -0.391959   0.000000   0.000000   12.0000     0.0851


