
  -5.000  -0.1159   0.02318   0.01459  -0.0839  1.0002  0.2411  -1.8060   0.0022  -0.4938
  -4.500  -0.0655   0.02339   0.01510  -0.0844  1.0002  0.3012  -1.6054   0.0024  -1.0686
  -4.000  -0.0168   0.02373   0.01590  -0.0845  1.0002  0.4007  -1.4108   0.0026  -4.8750
  -3.500   0.0271   0.02440   0.01708  -0.0833  1.0002  0.5012  -1.2296   0.0028   3.3845
  -3.000   0.0647   0.02543   0.01852  -0.0809  1.0002  0.5913  -1.0671   0.0031   1.5196
  -2.500   0.1257   0.02654   0.01989  -0.0819  0.9828  0.6743  -0.8651   0.0038   0.9092
  -2.000   0.2039   0.02771   0.02111  -0.0856  0.9624  0.7478  -0.6432   0.0046   0.6733
  -1.500   0.2732   0.02843   0.02183  -0.0884  0.9398  0.7995  -0.5259   0.0050   0.5750
  -1.000   0.3463   0.02771   0.02113  -0.0925  0.9162  0.8694  -0.5804   0.0049   0.5176
  -0.500   0.4129   0.02715   0.02079  -0.0950  0.8912  0.9998  -0.6377   0.0044   0.4796
   0.000   0.4988   0.02670   0.02021  -0.1018  0.8652  0.9998  -0.7153   0.0043   0.4529
   0.500   0.6079   0.02589   0.01932  -0.1115  0.8527  0.9998  -0.8485   0.0044   0.4318
   1.500   0.6930   0.02460   0.01800  -0.1070  0.7674  0.9998  -1.1755   0.0037   0.4017
   2.000   0.7743   0.02253   0.01594  -0.1094  0.7385  0.9998  -1.4281   0.0034   0.3882
   2.500   0.9006   0.01896   0.01227  -0.1190  0.6987  0.9998  -1.7843   0.0030   0.3786
   3.000   0.9437   0.01908   0.01228  -0.1154  0.6422  0.9998  -1.9849   0.0030   0.3683
   3.500   1.0171   0.01875   0.01155  -0.1170  0.5633  0.9998  -2.2582   0.0030   0.3605
   4.000   1.0829   0.01936   0.01170  -0.1184  0.4912  0.9998  -2.5181   0.0032   0.3542
   4.500   1.1179   0.02025   0.01237  -0.1143  0.4291  0.9998  -2.7131   0.0031   0.3465
   5.000   1.1496   0.02144   0.01333  -0.1098  0.3542  0.9998  -2.8931   0.0030   0.3392
   5.500   1.1437   0.02459   0.01503  -0.0995  0.1928  0.9998  -2.9611   0.0029   0.3301
   6.000   1.1421   0.02976   0.01945  -0.0899  0.0933  0.9998  -2.8800   0.0029   0.3212
   6.500   1.1774   0.03249   0.02230  -0.0865  0.0853  0.9998  -2.9835   0.0029   0.3153
   7.000   1.2230   0.03567   0.02560  -0.0848  0.0816  0.9998  -3.1131   0.0029   0.3106
   7.500   1.2317   0.03898   0.02966  -0.0789  0.0600  0.9998  -3.3818   0.0030   0.3046
   8.000   1.2544   0.04413   0.03475  -0.0752  0.0474  0.9998  -3.6180   0.0030   0.2999
   8.500   1.2724   0.04668   0.03755  -0.0705  0.0424  0.9998  -3.8557   0.0031   0.2946
   9.000   1.2855   0.05062   0.04180  -0.0657  0.0383  0.9998  -4.0454   0.0033   0.2896
   9.500   1.2906   0.05539   0.04693  -0.0607  0.0356  0.9998  -4.1982   0.0034   0.2848
  10.000   1.2847   0.06099   0.05293  -0.0557  0.0339  0.9998  -4.3022   0.0036   0.2803
  10.500   1.2651   0.06765   0.06003  -0.0510  0.0330  0.9998  -4.3401   0.0039   0.2765
  11.000   1.2341   0.07612   0.06899  -0.0483  0.0327  0.9998  -4.3078   0.0042   0.2743
  11.500   1.1923   0.08722   0.08062  -0.0492  0.0329  0.9998  -4.1889   0.0045   0.2754
  12.000   1.1352   0.10304   0.09701  -0.0560  0.0339  0.9998  -3.9249   0.0050   0.2825


