
  -5.000  -0.4717   0.02448   0.01536  -0.0229  1.0000  0.0835  -2.2127   0.0000   0.1956
  -4.500  -0.4263   0.02238   0.01308  -0.0218  1.0000  0.0891  -2.1153   0.0000   0.1932
  -4.000  -0.3776   0.01943   0.01017  -0.0209  1.0000  0.1412  -2.1210   0.0000   0.1890
  -3.500  -0.3333   0.01823   0.00950  -0.0205  1.0000  0.2315  -1.9845   0.0000   0.1831
  -3.000  -0.2895   0.01794   0.00952  -0.0203  0.9992  0.2983  -1.7970   0.0000   0.1748
  -2.500  -0.2144   0.01720   0.00968  -0.0255  0.9847  0.4608  -1.5467   0.0000   0.1253
  -1.500  -0.0378   0.01725   0.01119  -0.0357  0.9486  0.9189  -1.0109   0.0000  -0.7110
  -1.000   0.0848   0.01715   0.01086  -0.0498  0.9339  1.0000  -0.7109   0.0000   0.8417
  -0.500   0.1761   0.01695   0.01045  -0.0582  0.9116  1.0000  -0.4985   0.0000   0.5810
   0.000   0.2579   0.01688   0.01027  -0.0641  0.8923  1.0000  -0.5593   0.0000   0.4979
   0.500   0.2919   0.01701   0.01036  -0.0606  0.8539  1.0000  -0.5987   0.0000   0.4563
   1.000   0.3737   0.01649   0.00972  -0.0648  0.8238  1.0000  -0.6738   0.0000   0.4218
   1.500   0.4314   0.01694   0.01006  -0.0653  0.7908  1.0000  -0.7362   0.0000   0.3993
   2.000   0.4757   0.01684   0.00990  -0.0627  0.7585  1.0000  -0.8648   0.0000   0.3793
   2.500   0.5370   0.01646   0.00940  -0.0626  0.7269  1.0000  -1.0608   0.0000   0.3635
   3.000   0.5884   0.01705   0.00990  -0.0616  0.6913  1.0000  -1.2452   0.0000   0.3512
   3.500   0.6334   0.01722   0.01008  -0.0592  0.6611  1.0000  -1.4259   0.0000   0.3396
   4.000   0.6897   0.01702   0.00969  -0.0578  0.6218  1.0000  -1.6386   0.0000   0.3295
   4.500   0.7359   0.01750   0.01012  -0.0556  0.5826  1.0000  -1.8362   0.0000   0.3208
   5.000   0.7843   0.01702   0.00934  -0.0526  0.5299  1.0000  -2.0529   0.0000   0.3117
   5.500   0.8286   0.01725   0.00941  -0.0499  0.4763  1.0000  -2.2623   0.0000   0.3044
   6.000   0.8719   0.01769   0.00957  -0.0472  0.4220  1.0000  -2.4706   0.0000   0.2977
   6.500   0.9142   0.01832   0.01020  -0.0447  0.3686  1.0000  -2.6738   0.0000   0.2919
   7.000   0.9433   0.01962   0.01076  -0.0401  0.2604  1.0000  -2.8363   0.0000   0.2848
   7.500   0.9391   0.02494   0.01466  -0.0308  0.0985  1.0000  -2.7505   0.0000   0.2745
   8.000   0.9754   0.02743   0.01729  -0.0277  0.0886  1.0000  -2.8441   0.0000   0.2695
   8.500   1.0154   0.03038   0.02036  -0.0254  0.0841  1.0000  -2.9581   0.0000   0.2655
   9.000   1.0573   0.03402   0.02424  -0.0236  0.0822  1.0000  -3.0700   0.0000   0.2622
  10.000   1.0838   0.04121   0.03205  -0.0150  0.0470  1.0000  -3.6280   0.0000   0.2523
  10.500   1.0984   0.04428   0.03540  -0.0107  0.0421  1.0000  -3.8305   0.0000   0.2474
  11.000   1.1032   0.04859   0.04006  -0.0062  0.0388  1.0000  -3.9737   0.0000   0.2426
  11.500   1.0972   0.05395   0.04581  -0.0024  0.0368  1.0000  -4.0631   0.0000   0.2383
  12.000   1.0791   0.06067   0.05295   0.0002  0.0357  1.0000  -4.0866   0.0000   0.2351


