 
       -1.425          0.682328  
       -1.175         0.9642353  
   -0.9267767          1.045254  
   -0.6767767          1.096772  
   -0.4969221          1.102493  
   -0.4846862          1.106644  
   -0.4605158          1.111066  
   -0.4250059          1.115442  
   -0.3790309          1.119619  
    -0.323723          1.123433  
   -0.2604439          1.126715  
   -0.1907519          1.129316  
   -0.1163629          1.131117  
  -0.03910862          1.132038  
   0.03910862          1.132038  
    0.1163629          1.131117  
    0.1907519          1.129316  
    0.2604439          1.126715  
     0.323723          1.123433  
    0.3790309          1.119619  
    0.4250059          1.115442  
    0.4605158          1.111066  
    0.4846862          1.106644  
    0.4969221          1.102493  
    0.6767767          1.096772  
    0.9267767          1.045254  
        1.175         0.9642353  
        1.425          0.682328  

